from collections import namedtuple
import numpy as np

System = namedtuple("System", ['P', 'R', 'bs'])


BS_ORIENTATIONS = {
    "0": "down",
    "1": "down",
    "2": "up"
}


measurements = [
    [
        # The global ref frame - the origin
        System(np.array([1.47847584, 0.62331302, 2.51551105]), np.array([[-0.48405982,  0.61288231, -0.62454893], [-0.52410832, -0.77462123, -0.35393843], [-0.70071146,  0.15600391,  0.69617973], ]), 0),
        System(np.array([-0.55557292, -0.81858355,  2.5091976 ]), np.array([[ 0.57808338, -0.60353618,  0.54914815], [0.56693497, 0.78110238, 0.26165592], [-0.58685974,  0.16007235,  0.79370806], ]), 1),
    ],
    [
        System(np.array([1.51255613, 0.55661546, 1.30916296]), np.array([[-0.51994558,  0.54616632, -0.65677922], [-0.49312755, -0.8197401,  -0.29129263], [-0.69748249,  0.17241961,  0.6955499 ], ]), 0),
        System(np.array([-0.63373338, -0.65213928,  1.33893155]), np.array([[ 0.61944815, -0.53209913,  0.57719538], [0.49551139, 0.83528941, 0.2382437 ], [-0.60889445,  0.13842727,  0.78107966], ]), 1),
    ],
    [
        System(np.array([ 0.29279431, -1.39080524,  1.55641728]), np.array([[-0.49337433, -0.86952972, -0.02235714], [ 0.58976635, -0.35330716,  0.72618847], [-0.63934139,  0.34509726,  0.68713206], ]), 1),
        System(np.array([-0.29464415, -0.96471052,  1.66317747]), np.array([[ 0.09584879, -0.98598471,  0.13655463], [0.8034422,  0.15761951, 0.57413998], [-0.58761691,  0.05468313,  0.80728936], ]), 2),
    ],
    [
        System(np.array([-0.1734171,  -1.3385958,   1.30216004]), np.array([[ 0.15425316, -0.98073107,  0.11988547], [0.80123389, 0.19516406, 0.56562818], [-0.57812647,  0.00880637,  0.81589965], ]), 1),
        System(np.array([ 0.15578441, -1.05348017,  1.35674967]), np.array([[ 0.23530418, -0.96545889, -0.11189763], [0.83148482, 0.14035186, 0.53752614], [-0.50325435, -0.21952333,  0.83578979], ]), 2),
    ],
    [
        System(np.array([-0.51552755, -1.36618832,  1.44504956]), np.array([[ 0.67378349, -0.70457408,  0.22269077], [0.54953468, 0.6792626,  0.4864298 ], [-0.49399134, -0.20537206,  0.84486382], ]), 1),
        System(np.array([ 0.50884206, -1.04838279,  1.57281071]), np.array([[ 0.37138874, -0.8474238,  -0.37939862], [0.8382667,  0.13033453, 0.52945429], [-0.39922343, -0.51467059,  0.75877193], ]), 2),
    ],
    [
        System(np.array([-0.25482934, -1.33069915,  1.94616694,]), np.array([[ 0.36776382, -0.88372112,  0.28945941], [0.47227767, 0.44563883, 0.76049973], [-0.80106403, -0.14297907,  0.58125159], ]), 1),
        System(np.array([-0.1656631,   1.02331009,  2.02361663]), np.array([[ 0.45912846, -0.79926507, -0.38778397], [ 0.18149673, -0.34291183,  0.92166719], [-0.8696321,  -0.49354516, -0.01237658], ]), 2),
    ],
    [
        System(np.array([ 0.02259261, -1.32065207,  1.71214497]), np.array([[-0.154973,   -0.98511555,  0.0743688 ], [ 0.61028292, -0.03626519,  0.79135301], [-0.77687716,  0.16802436,  0.60681932], ]), 1),
        System(np.array([-0.13615006, -0.98536789,  1.7461437 ]), np.array([[ 0.20246855, -0.97915333, -0.016286  ], [0.81477704, 0.15920642, 0.55748694], [-0.54327236, -0.12614303,  0.83002595], ]), 2),
    ],
    [
        System(np.array([-0.29094783, -1.36787779,  1.56817007]), np.array([[-0.33819829, -0.88942865, -0.3074713 ], [ 0.52788615, -0.44977785,  0.7204416 ], [-0.77907517,  0.08134227,  0.62163117], ]), 1),
        System(np.array([ 0.23122931, -0.99526895,  1.65474834]), np.array([[-0.15114749, -0.83115421,  0.53510477], [0.81900789, 0.19781921, 0.53860341], [-0.5535165,   0.51966358,  0.65082198], ]), 2),
    ],
]